0.0005601950106211007
0.000926588021684438
0.0011959170224145055
0.0035874779568985105
0.003058011003304273
0.002266818017233163
0.005539831996429712
0.004555458028335124
0.0059789440128952265
0.005438671971205622
0.027412711991928518
0.004578339052386582
0.004869738011620939
0.019190991995856166
0.011717275017872453
0.007776272017508745
0.004147945030126721
0.0039650630205869675
0.004477685026358813
0.004214322019834071
0.004813220992218703
0.00484664598479867
0.004223280004225671
0.01098922296660021
0.006966155953705311
0.01252851402387023
0.006141768011730164
0.00628419901477173
0.00719497399404645
0.006401569989975542
0.013250279007479548
0.012575244007166475
0.019246763025876135
0.011287352012004703
0.012787482002750039
0.01245178101817146
0.011245596979279071
0.008720329962670803
0.007015694980509579
0.008205802994780242
0.008063893998041749
0.008509417006280273
0.008775781956501305
0.014044334995560348
0.01352677500108257
0.013132168969605118
0.01025632198434323
0.016152798023540527
0.016128820017911494
0.016118303989060223
0.01243009400786832
0.01740915101254359
0.01637765998020768
0.013277188001666218
0.016293341002892703
0.012131299008615315
0.019666479027364403
0.01500641496386379
0.020655570027884096
0.017774918989744037
0.014607460994739085
0.02240695897489786
0.012761516030877829
0.018863551958929747
0.0309636959573254
0.01667345699388534
0.021333747019525617
0.024153345031663775
0.015945560997352004
0.020329007995314896
0.024195126025006175
0.014850221981760114
0.01608778996160254
0.017426737991627306
0.021351400995627046
0.021747270016930997
0.025269280013162643
0.02483901404775679
0.025648150010965765
0.024649542989209294
0.017160024028271437
0.017922378960065544
0.01843515399377793
0.019226011005230248
0.0192057520034723
0.028148562996648252
0.028602673031855375
0.0283629409968853
0.026939967996440828
0.028154989995528013
0.023797228990588337
0.024768395989667624
0.02017317700665444
0.02898267295677215
0.02728829503757879
0.024961662013083696
0.03259679599432275
0.030626073013991117
0.030104978010058403
0.02998592099174857